 input_1 input_2 class output_1 output_2
0 0.4248108106384707 0.5018714732069501 black 1.763218697882974 -2.0100983031257798
1 0.12189262878642904 0.5872015840844348 purple -0.48743309706200144 2.509105629148859
2 0.23087528381510314 0.26211443397063117 purple 0.59203673535275 -2.8349283248763877
3 0.46118189744343774 0.179034880567019 purple -1.2458176423127418 -0.6588335330854633
4 0.29553700445928144 0.17009401352323572 purple 2.1579142988583437 -0.4293068645271383
5 0.715566481602993 0.9437859911454236 purple 2.1606487165086437 1.9874321500995435
6 0.302843224531709 0.8018523789237344 purple 1.2173083804122742 6.61936458932009
7 0.4418700610632036 0.28295785821359776 purple 0.16962910086971084 4.231730463181283
8 0.7954769514058488 0.8925256447746559 purple 5.745838086718289 -2.1291071550495646
9 0.013596592659217754 0.7235495973219463 green -2.8678687302685995 0.23149237569970138
10 0.8928461377456017 0.10032395894349855 green -0.49301718012018336 4.099278670835751
11 0.13962354934793053 0.4478982463496325 purple -2.3647838999155217 1.1275542688160658
12 0.3658117088244317 0.8682070823264859 purple -1.0634165490845833 2.6069052001645194
13 0.43721560683416805 0.9325884200871067 purple -0.7648898689271181 0.37273302151935406
14 0.8721608875279491 0.22797982549135176 purple 2.6022872518398144 1.012107412480883
15 0.8357889467395029 0.7245957898815517 purple 1.1105490454048603 -2.5859412121939576
16 0.6589505201604139 0.37332088088058 purple 1.1434384507323494 -3.719210832049001
17 0.6487148962287285 0.34049394676566547 purple 2.0655452589140135 5.6342395486489565
18 0.14124563285041314 0.5809271001647257 purple -1.2485438598372243 3.6141986315944825
19 0.746415350250817 0.022748859862894433 green 0.2692792577990547 6.943517921747416
20 0.32604917975545256 0.5424695503380593 black 3.6310218875294153 5.245653645491851
21 0.6618950615872444 0.2286471202593553 purple 1.1770562581972541 4.138260910547967
22 0.3885978097671232 0.9255980354593459 purple -4.118619240548321 5.050265339194178
23 0.8868662406905872 0.17078607910859567 green 0.17927619889651059 0.9001450247510394
24 0.36343012408174147 0.01304263582896148 green 1.8082143108643063 -0.3442391069460171
25 0.5716940473280755 0.9734167208620917 purple 3.76662155549826 5.206412139834191
26 0.9869325844088014 0.15484903904684633 green -0.20248424494305495 -1.1256222580480537
27 0.5241967104373186 0.6926775180724027 black 4.409137163032314 6.32248704230182
28 0.07362088899502961 0.47338194711884074 purple 2.2316211438486735 0.8480793739987577
29 0.777131589346156 0.29988739278465415 purple 3.7959381709240376 4.2373803439245155
30 0.9391512253279078 0.1179041633592881 green 1.1559559838842186 -1.0348695866601911
31 0.4740666028746605 0.2568676042161727 purple -2.7316215710506557 4.009451419722601
32 0.8591748292555302 0.6386472755193965 purple -0.5243104917417661 -10.048212092128061
33 0.3504111825220573 0.05428519058909609 purple 2.1954355581874694 0.23735662611062847
34 0.0674408956461181 0.23164920453369653 green -0.750082010087542 -2.9926085415900134
35 0.09648767537868219 0.8675241751189054 green -1.779309393772714 6.431129565348117
36 0.32052595085023805 0.009721924503612311 green 1.2700837055923357 0.5866708571354333
37 0.4091811654245143 0.025590788097123784 purple -0.07217514811393033 2.1142585367535194
38 0.4314147371395185 0.6214354548339323 black 0.5218107340896329 -2.6656823251175257
39 0.06473220449404271 0.8543528363530789 green -0.8009194335425859 0.9654000161640022
40 0.9952386380610936 0.3669946515645568 green -0.4488129885696792 4.184851838376223
41 0.361676585667428 0.7613131160914146 purple -3.249948414312566 1.4382878417570997
42 0.24696926870131186 0.8936722530784862 purple 0.5068539716056284 1.7928718667840795
43 0.9961041115178941 0.4131988414729614 green -1.3414507085793905 1.3316968021797475
44 0.06744886781764281 0.839562511218125 green 1.8096832637706803 5.684790887549979
45 0.5642841406875104 0.5349032841448295 black 2.679392571604714 5.117343901843157
46 0.5524980144201317 0.08791478537418762 purple -1.0212164671726243 -4.125714994551749
47 0.35539479796567397 0.7810684582401651 purple 0.21333952882218257 3.85489310273731
48 0.974286912021209 0.28302221370918346 green -0.27818505848683706 -3.8117803060838322
49 0.6269420736557 0.8782613950241778 purple 0.2136717359951391 3.334940225362166
50 0.5761746062033303 0.4323727896182784 black -3.0192964444025807 8.10936700556949
51 0.9882468493123479 0.12492287210911324 green -0.8339088592987184 4.509795495044993
52 0.07750823299194265 0.9683510256182726 green -2.308122123977798 4.409710755512268
53 0.8944221974995069 0.5232242993529116 purple 0.9170697635550858 1.75846330290123
54 0.8749894812272866 0.45985525566796326 purple 2.4428401211131456 3.742599668767265
55 0.9119958296279606 0.5312794809339001 purple 0.906050363016211 -2.011755536296952
56 0.6129596777106802 0.5286075649232265 black 1.3605753577156143 0.10950045457262747
57 0.5579658574030212 0.7819643476600957 purple -0.8429468694626715 0.6023563989487328
58 0.5935586992644862 0.6834466364292382 purple -0.46295991162402095 -2.4197804022733087
59 0.12877343696227495 0.6453858358811607 purple -2.2313200200918324 -0.1682554690766902
60 0.6939411775566822 0.8534876812685921 purple -1.6161578522448983 6.021275180560462
61 0.35668996108456363 0.9486019937200014 purple -0.9312433098874896 0.579791277460477
62 0.22168385991089778 0.8935935411320443 purple 2.267082887278474 1.808646919646847
63 0.3005871147427347 0.7806999221853216 purple -1.7894574878938996 2.9433834259790146
64 0.8890414248336345 0.6788449843174996 purple -1.113270089538122 1.702350461011835
65 0.9126658947459009 0.7953479246964111 green 2.6398318170140116 -0.40675718650405646
66 0.2185750610197842 0.0018922983348038658 green 0.3175118808288342 -2.3490737417857233
67 0.3159304178687097 0.7458894167530413 purple 1.7141512589487327 4.927028099021934
68 0.46539076661376344 0.7266309854672959 purple 0.13902350652069223 2.881698579626301
69 0.1375893959762875 0.34724285970164015 purple -0.6292227099137971 3.7103020514859946
70 0.9121485856927413 0.25580274908055467 purple 2.7584825116431557 4.484954106467434
71 0.9556349519335212 0.37759748606590793 purple 3.1535711053251134 1.3797399533402217
72 0.6550539739399166 0.006169946848039842 green 0.9007298563284695 -0.6594105089660529
73 0.07764417831286441 0.5964433543913084 purple -3.0015661691812285 0.033850071336565035
74 0.19966236200475607 0.11531254483787412 purple 0.7520339548365947 3.2679982281467
75 0.305598695605945 0.17206734142365365 purple 3.223494160447664 3.7640877500313534
76 0.2733222047372652 0.09371727736660196 purple 0.9333842803439981 -1.2087305488691888
77 0.09534429297653668 0.19344028848519557 green 0.25897143751281804 3.5813531558210934
78 0.5644309307522697 0.7036586426876111 purple 0.6196135349123713 0.3928027898888724
79 0.39068474484817517 0.2727936135645729 purple -0.8115078474585158 -0.16121852061019482
80 0.16505001289607812 0.3370644609837602 purple -1.6484843696849245 -0.13847708535031322
81 0.24256023089935452 0.5287738976612465 purple 2.4146381379953454 0.20842790793397437
82 0.7632762454967968 0.5445307500436936 purple 1.5553464127938084 1.353951625108747
83 0.3925918484968077 0.34686794525623965 black -3.694218297449026 0.5878420216876807
84 0.2705464545898375 0.3476545932694862 purple 3.7198495976297066 2.818660186405725
85 0.5589792983494999 0.3695931272635853 black -0.4104624101054658 6.065539419324286
86 0.19853527057548603 0.11353947359737349 purple 1.671511771432899 2.037096815037605
87 0.3774639763277926 0.16972244755210997 purple -3.1665045390905098 1.0807947834171308
88 0.37735839950724404 0.19232651477210894 purple -0.2832549109272843 0.7687494939098625
89 0.5598340191936652 0.7795544540140871 purple -1.5440400579643714 2.980704351955656
90 0.09635227784893219 0.2204616384495457 purple -2.3647529114528836 0.5576553470504144
91 0.7093348191219889 0.16172044289213383 purple 1.0311761332345593 6.220894967608313
92 0.6896504253037289 0.015192526812452867 green 0.20869701493553278 -0.3719711586366572
93 0.8299371129292532 0.23200280368903725 purple 2.2127524711478213 4.79725386169606
94 0.5087148849850783 0.9339614438070812 purple 2.367376630823157 9.33665685675756
95 0.4508831247226184 0.6528020927835676 black 0.9044993423582253 0.7276484214997665
96 0.7494203011513638 0.1533224754455499 purple 1.0673237921750627 -2.658829243646339
97 0.8363593619207396 0.39858966282622876 purple 1.7092282637242953 3.813823586326979
98 0.8850376964186177 0.4769495656074694 purple 1.8464676231193171 4.894703406846206
99 0.5332932555837875 0.13386823180377694 purple 2.6564121383841184 -2.9311273814542647
100 0.3521669954010146 0.030930745589472064 purple 2.3952193062616276 -0.8911623667453383
101 0.6355217848344527 0.2886766185843489 purple -0.9935416548751842 -0.9563938296265442
102 0.4522428669790195 0.016311357130453064 purple -3.371919988592741 2.824679757626039
103 0.31363116557909687 0.17708849007791083 purple -2.2896847192455114 -3.2902685589317446
104 0.1786771202808859 0.25562759026520643 purple -0.9513374214972443 -0.39941327881454036
105 0.5170785333370337 0.8619708794886665 purple 0.2882099456944299 0.5674690882591973
106 0.5443724358201767 0.13828403676032852 purple 1.5926285789193646 1.9054536448806703
107 0.25402677005050667 0.4821025320454615 purple 2.0950956486575065 3.722023344463868
108 0.06820469311799315 0.9033526690375199 green 0.5576848131671261 1.5770437312845464
109 0.09183449758018092 0.18662669052471836 green -1.719764336342699 -0.7684521719064334
110 0.5856342022072923 0.12766351234343887 purple -1.3941497333918935 -1.3439829092866464
111 0.5382018911862143 0.83904937141369 purple 0.5372456375473366 9.65122425706872
112 0.7315184225637495 0.3481573447652043 purple 1.4126994299816429 -1.0627343100231532
113 0.6315010442517015 0.16379999393519318 purple 1.5498131783522615 -1.462791641551536
114 0.5011422457162222 0.4690587493826681 black -1.789284583880963 3.8719887596785867
115 0.21712061930059046 0.5280911108843968 purple 1.788915137006462 -3.430913352298469
116 0.6392008745182645 0.39486852892422075 black -1.097146823123556 4.75969539178442
117 0.8015655355049022 0.8363325284331392 purple 2.062181884677407 -0.44498389338986577
118 0.5944924304726464 0.8103675812627482 purple 0.30312403263355053 2.7233738464235557
119 0.6962013060744834 0.2436334088742136 purple -2.6954387317205213 0.7664554893359504
120 0.8105504887851979 0.4511454170033886 purple 0.1947185682975232 3.891106122752543
121 0.4453951754337532 0.14839574087631136 purple -3.622659230713233 -0.26618885804694403
122 0.016497112111090062 0.5156461455123794 purple 0.9185230604050474 5.387299900389614
123 0.9679477952825759 0.7102004280130695 green -0.9101214806925007 9.649990108411899
124 0.5222014517048471 0.2142066205121147 purple 1.801224731487261 3.967567386300784
125 0.24726941183765339 0.7416950095828386 purple -1.0393739360214846 0.9129503499032481
126 0.30321258466326184 0.8794984813600077 purple 1.055097910627831 -0.5240582149553736
127 0.03636976807815662 0.6303337912322416 purple 2.3495187773304296 5.2252159814420995
128 0.005519678459879995 0.20428591798721996 green 0.06631192339789088 2.2424478069717404
129 0.32926209983984245 0.36838965881856567 purple -0.3303471504487814 3.973072664597362
130 0.9316918869531466 0.868716371465495 green -1.955337127644302 3.2629140460300174
131 0.9073847167277521 0.6417586390079669 purple 0.6622119717739563 -8.142791121461354
132 0.17725377663031072 0.02418105225933287 green 2.873203225472868 -1.6104318895234182
133 0.5499563233018477 0.6327990683196906 black -2.432406500550572 4.715317881400858
134 0.5532446011571742 0.8392711145054205 purple -1.0370168585429407 4.2894500365400585
135 0.6783859686790846 0.8415901307671927 purple 2.6544381653443785 7.224867376468047
136 0.6717182357638684 0.2781307155052454 purple 2.222035401490866 -1.622009334561551
137 0.12340085209343898 0.2817278114261308 purple 5.1565984874659705 2.214939290121463
138 0.98762149994108 0.11644054464865838 green -0.18844806793821456 3.8298703550861304
139 0.1665694014760759 0.7320801662346422 purple 1.918148685126036 4.810089541332745
140 0.9936021658106337 0.10961733649060768 green 1.749342923298436 1.0231066891293994
141 0.3609794344012319 0.07256581992243427 purple -1.507024118077274 -0.01842351839973655
142 0.3041440407403778 0.3775951984227778 purple 0.5791847496648252 2.372143620720269
143 0.6743160180648566 0.2536937764820073 purple -0.5154216843875628 3.9924141460844136
144 0.20265450457802514 0.24490254899721242 purple -3.2527139624339734 2.7291160303313724
145 0.7218308239451087 0.8308713421355238 purple 1.36542200367329 -1.7005831702815462
146 0.6310289728320793 0.24357567050436546 purple 1.437466733057954 1.265715369135778
147 0.7920795616203417 0.3595125084098131 purple -1.669358544772284 7.576238489583698
148 0.25361788469107316 0.8085799795435582 purple 0.9187754209774404 -1.377605235152442
149 0.7149146008859188 0.9242830891574182 purple -2.449106369799 1.5516072548940645
150 0.5827934045481704 0.23511509530391617 purple -0.11263923359593842 5.2439335352226655
151 0.10746886419193358 0.29799031484264893 purple 4.631076818021379 0.09680237361925403
152 0.3358793087638384 0.32089087998790355 purple 1.4885390643558587 0.08454905728457152
153 0.3531691927064027 0.44900191593250016 black 1.10243912610134 0.6295928720712232
154 0.363067574323347 0.5175404267289713 black 1.1316891763858021 1.2347675859264524
155 0.7693613288304408 0.09391364808208325 purple 2.9266071760950654 -3.940586971325156
156 0.34787687968907366 0.08848550364623475 purple 3.720156208918322 2.6389936314720437
157 0.9617538447815861 0.5381357971610816 purple 4.480073648764284 2.991493341761709
158 0.1987111004566311 0.725231306046493 purple -1.0423993905246562 -0.37599457185407514
159 0.9876540303029772 0.1415291275880296 green 0.9713614774658507 -0.8170832570299342
160 0.11628601147070694 0.14119410605344773 green 3.0300923766807033 3.3478191431140205
161 0.03472276868444468 0.8663794146552235 green 0.5567329134019273 -1.389165074627047
162 0.9289196604739849 0.7177691364133072 purple -0.694365635912267 -1.190901361432299
163 0.054578527514348996 0.49314179248696655 purple -1.0227889888915955 2.5349852933926176
164 0.7145860394977489 0.9237244360678594 purple 0.8441117200210535 2.8083257228593035
165 0.053127136740283576 0.7380478282375349 green -2.9226099960656273 1.5530249529345193
166 0.855155527856926 0.26194443147437907 purple 1.043934360366005 4.858264078652693
167 0.9885680914303938 0.908588132403884 green 1.3081266333181574 1.5980327162321348
168 0.7829188407162634 0.959157335900856 green -0.5219469717812971 7.579658777977729
169 0.2957053568075624 0.2577548132297608 purple 0.025372014731364356 1.0093020898924583
170 0.04843230929213027 0.11008644285468416 green -2.81394883841628 5.588955033890913
171 0.3164939107413548 0.9641248321214223 purple 0.6517391392282914 2.8976012567293905
172 0.26897298863087205 0.36945111054279856 purple 2.4149646203771367 2.1348430572999684
173 0.16745207388791683 0.8890969451228233 green 2.383870784664679 -3.259055900483889
174 0.33570308969986884 0.05594798400249612 purple -0.02652782817923599 5.379903008829255
175 0.9638541366238534 0.3449558098183003 purple 1.9776379210569486 -0.21792433552662893
176 0.6780310514338821 0.9077408764058854 purple 3.60227084687656 10.42807866327491
177 0.8471041514328299 0.2995119333326095 purple 2.726423666516941 2.0457805091051067
178 0.942313581174149 0.722345092742162 purple 5.099506040105959 4.5774442708557
179 0.8819810100529073 0.8453157408555177 green 4.456377900101186 -0.369325384719839
180 0.6256893248113863 0.18061108866662634 purple -0.9968723437215127 3.0735234762424595
181 0.149636951379287 0.5780451223317485 purple 1.2119947293532525 4.0893684941747965
182 0.18713664549658393 0.37570277156796006 purple -0.7343257129707444 -2.270090607982926
183 0.7056876490374715 0.6954273253874831 purple -1.089453123613521 2.3171623962803825
184 0.7135237412113488 0.922898044557367 purple -0.705959754573335 7.572449672886286
185 0.031990756233122974 0.6729556996209037 purple 1.0306140287826078 -2.524014088463812
186 0.7698596567351618 0.3838978223852265 purple 2.4101092912892703 7.091804228408447
187 0.25268747262664293 0.3010308227516023 purple 0.21399174949099525 3.6676897749654964
188 0.7642712087257693 0.16860707974008715 purple -0.5948221345319948 4.117739206494667
189 0.5095412486312307 0.38013032328986074 black 0.9937383223119499 -0.6544549804532425
190 0.4002071881345902 0.5216292088297815 black 2.210421609551937 1.3414844294395354
191 0.33425876905431395 0.14610905179835376 purple 0.36642312901581936 5.705597275338383
192 0.8195743982295918 0.5915219801312869 purple 0.45057977364744667 3.067709715074814
193 0.8564584533482926 0.6464965507159831 purple 3.5326997067288026 5.902867149522966
194 0.35972989286481805 0.6169387900115368 black -2.029248084184518 4.461152304916627
195 0.21478444952810027 0.05612669901123968 green -0.09276535027661376 4.426657297021231
196 0.14220485137869432 0.4888961093503771 purple -0.44091333326110194 3.9725626544077244
197 0.18669221424032112 0.1858279306554984 purple -1.8456616948614977 2.552828241126443
198 0.3066883107268362 0.03445754441410831 green -0.3144282198701823 -0.5105233252464412
199 0.635102634220454 0.39909989276818625 black 1.6076950899448568 2.775475628481457
200 0.7388636823030388 0.6630145797233681 purple 2.389950013916093 0.3533020036297556
201 0.5872601704453989 0.8337839188725438 purple 2.210440986451774 2.9569409873275614
202 0.4006937017421537 0.3124158669805638 purple -0.22590047521463597 0.3842300375427563
203 0.5422972032516384 0.3542048035699613 black 3.4545045020977367 0.7275590541204351
204 0.7198944959364063 0.5957877011169855 purple 1.4028725223643779 -4.518491671295191
205 0.22062842172501307 0.3203805803541334 purple 5.033823019439157 1.0223241610680243
206 0.6092526345511547 0.5517560904987122 black -0.9173182611829872 -0.8433692782559796
207 0.8837427424984502 0.9282229172195569 green -2.209924762406268 2.815120410776241
208 0.41934202184876945 0.8147383718022846 purple -1.9114830258839288 -0.2813432091861374
209 0.4804363499944956 0.9264862419276662 purple -2.26055931379954 -2.1095742618538234
210 0.3717621893006804 0.1678982855856146 purple 0.9638720572199158 -1.2668002369680786
211 0.8672334548393724 0.48639988439798354 purple 1.8845392792248745 2.6377172742331227
212 0.6941122127399915 0.5723436708957285 purple 2.32100209039399 3.614957133584989
213 0.8761701872037346 0.10950293369215058 green -3.0403279805598444 -3.8007068007803033
214 0.9433313772456358 0.4876187645842943 purple 0.9071316906028452 -0.31840218462398884
215 0.4574016195750189 0.7021417066743122 purple -1.035140843887532 -0.44940431793788704
216 0.6519879643149956 0.07075311936400208 purple -1.161505024627243 0.2914463897715184
217 0.16380024590258124 0.38167592621551694 purple -2.5781996171268564 0.20460513099577926
218 0.5032921789258835 0.3044369933584855 black -2.80977776290367 -0.9233937252098956
219 0.027257402684493726 0.31262738609777097 green 1.4919532518298686 2.042716249860883
220 0.079493190646312 0.09728632877563403 green -2.835358856088823 2.2303777038389425
221 0.6805978143575183 0.9721249417606579 green 4.89147797082772 0.6646419284987028
222 0.472108563166309 0.6408127090112068 black 0.38698324848335586 3.9543963777893714
223 0.22361962828343218 0.3893201899770391 purple 1.5046001856755016 2.9651175085103185
224 0.7235883758863665 0.535777803052811 purple -0.8091981562361433 3.252260507367419
225 0.1512986894612841 0.3446288300847625 purple 0.07769310146709808 2.232225385482999
226 0.5192961223310085 0.07921568841874882 purple -1.1292930287229233 -2.944369695868585
227 0.4271159628885248 0.8198257927821756 purple 2.1773073398332414 -2.8023368060241043
228 0.9198128943282021 0.8024864317970511 green 2.4363740436081724 2.097650600653097
229 0.281172663221567 0.4535448102858576 purple 4.806755540190817 7.137820323137723
230 0.2617112226309908 0.039939936130800935 green -0.9020654762370517 5.284446213724603
231 0.6809561053463007 0.27583949761947135 purple 0.3998700136276735 -1.6665328429401842
232 0.9897423841342314 0.17536733625899958 green 0.3694485642009617 0.1613216766792145
233 0.7736883852372618 0.9045710671568122 purple 0.2237434024403515 5.141803115846388
234 0.9218203230412947 0.30086259622171896 purple -0.08342648802483721 3.1494834806962286
235 0.8437897305279212 0.3035475371535612 purple 1.6431302451105694 4.695643359755522
236 0.5555693533436048 0.9174957938274756 purple -0.9812278701973591 -0.289872657766578
237 0.020308056031001165 0.7408692086941923 green -4.891228356762538 -1.1553793186198522
238 0.9388744500466019 0.2000045324461741 green 3.2259642251844785 -3.361600562433695
239 0.5060912309803872 0.30904903047107113 black -1.7741890500064286 0.019970741463200437
240 0.48554097311738353 0.8130961002658039 purple -1.2668120918479375 1.4294992416488557
241 0.610519603309826 0.44841816747387 black 0.4870774759271009 1.1300820336498325
242 0.06727590624192037 0.3511303295713194 purple -3.543950714241462 -2.1315940149697066
243 0.9451853702364846 0.6620912851755472 purple 2.115075839170517 -0.9121289314914991
244 0.7759660672453998 0.5353733747156704 purple -0.9939143846856358 2.479618264155599
245 0.23361553979131333 0.12213570535695684 purple 0.5709281904397967 -0.8335706260535649
246 0.4081204159598284 0.21831564263463987 purple 0.9348700052758919 3.7439709337134923
247 0.822787717881394 0.5356241806352517 purple 2.861876339791806 5.7547602764079
248 0.7112348842971363 0.001958101447074645 green 0.2013827148910423 -0.45729145916479874
249 0.2132639982706379 0.17360091640143194 purple 0.46715272288722165 4.273248184828423
250 0.46213644118052266 0.0016256845752942173 purple -1.3437255485973125 1.587380067911088
251 0.3468712730205008 0.4455859381557855 black 2.2074688051002043 -3.1634137462673846
252 0.7273227620990785 0.043721701977893046 green 1.1421006196536068 6.463759290591738
253 0.4867672727038379 0.9594307880025377 purple 0.06645464247121707 -2.5009929632635153
254 0.17122459867904605 0.4138285437111967 purple 3.2388205648204886 -0.7201001583891875
255 0.8479092457519536 0.9241922971804624 green 0.22659317618649255 6.648978035993991
256 0.9097831557669569 0.962653329731988 green 2.8338208821978945 -0.23562041645831178
257 0.33590804028387533 0.3449545401207801 purple 2.48715336303904 -1.3373012496485273
258 0.8811595130621385 0.6120237374655578 purple -1.0508105607847407 -4.932695207015856
259 0.4140616439011263 0.40759862668843283 black 3.1113067406631485 6.476872291151546
260 0.9157058038344789 0.3378136421061524 purple 0.2092514940005129 0.4045620340228806
261 0.7072386349311137 0.06944128943037142 purple 2.2430080438804287 -1.2569007599882678
262 0.041483819629293484 0.7576259101042877 green -1.0670508687021085 0.5561363320965698
263 0.2696624980098632 0.24995935842427808 purple 0.09428264510678333 0.9289944758018623
264 0.6459744862406688 0.8126906104421756 purple 1.46899683692304 3.1883662035846365
265 0.10777214757873621 0.46916706653116313 purple -0.9734251241900905 -5.313773731608174
266 0.552754842126813 0.21186177220589564 purple 0.003910562778408733 4.113311958507927
267 0.27053013584283736 0.9986062589806587 green 2.3697561069449633 10.576135048546291
268 0.24008390545337221 0.22626482170258166 purple 2.181682142572508 -0.34014074567042885
269 0.9372769303559197 0.6779470890055719 purple 3.450072864410866 1.8632753276436314
270 0.9065089548711287 0.01056845024869324 green 1.0804760739430384 -0.7116836187329534
271 0.13571413090462592 0.8956919545389717 green -1.9022042307683353 5.786226957827516
272 0.7929462477867779 0.8743024470401152 purple 3.979090497062797 -0.19282162276354287
273 0.9794844895076316 0.7205935712951616 green 7.179203272220766 -0.8440114294053114
274 0.4305002621915507 0.36684758346993274 black 0.691181507684353 4.1995909111630025
275 0.6832974788988727 0.04432264036627165 purple 4.3549446498849935 -1.7154051386191933
276 0.7297024278138226 0.06633537820596913 purple -1.172757222457319 -0.26010460643864297
277 0.572219269240585 0.07322100900712358 purple 0.9619623652312052 1.2674428220912446
278 0.9127039297134386 0.7323521808142477 purple 0.14726684577266602 2.029218420655393
279 0.9160982770383567 0.6000800757457341 purple 0.5615079377537825 5.267909849626765
280 0.5428090065794173 0.8769852883014343 purple 2.6343932257103253 0.18239753839372863
281 0.4738694224658164 0.7967501587049475 purple 2.2481896415667304 4.753989670651444
282 0.7076670971723376 0.2322040211408518 purple -2.1330868996209364 0.44280051254790675
283 0.4192092466346128 0.35165897233584775 black 3.8359855667468548 4.525691339058914
284 0.5801243883682845 0.6632992349143308 black 3.8006002676249873 2.7873767136023897
285 0.6905079091806239 0.3357773215197397 purple 3.0144367293383505 -0.09666862041416824
286 0.23940059074379216 0.7683825029158032 purple 3.034204276197669 3.376945498699596
287 0.6032129642439514 0.17483214695536997 purple 2.0300006114741675 6.507165781112476
288 0.9955095049002525 0.9466776882905285 green 1.9691632770725063 1.4653386954113476
289 0.6234236445326122 0.1585182897352514 purple -0.5716044339204152 -0.3505732336118039
290 0.7951153571602405 0.9970208917628604 green -0.07860464950233947 2.201158581254594
291 0.04780452139742797 0.14093012265650773 green -1.854538461164168 1.3164205876135355
292 0.27664215446602225 0.9575345147944188 green -3.6066952474515954 3.0320939781136307
293 0.694005006277367 0.31680451280033295 purple 1.5344687935138372 -3.880304005751412
294 0.48992436312779253 0.2149591504393661 purple 2.047549933240004 -2.2028626604917836
295 0.503057945026078 0.7363643827576888 purple 0.13964244040325968 1.5379980690447725
296 0.7680812640454664 0.3626401358125866 purple 2.535267690826716 1.5301818801309535
297 0.7852897778556182 0.9824987606664706 green -1.4768295117470212 1.3861480719338073
298 0.5706550481135781 0.2796238474127193 purple 4.5699612692952325 0.9497487658254345
299 0.8672211814674873 0.7352711919139933 purple 0.8850759976286913 6.107025297360195
300 0.8009683208477733 0.5453515996449989 purple 3.7370122672560186 -1.1404191036895792
301 0.38435194872615686 0.010895839791100648 green 0.9562786535994399 -1.2461562131997268
302 0.5315253625262262 0.8979915252429943 purple -1.5994288111690285 4.5022882695240005
303 0.3909483713273596 0.4609871796121794 black 3.9365142089646143 1.8984788284724157
304 0.05265934933877847 0.08913360299081696 green -0.9190061469215923 1.4743024254400643
305 0.272093266278817 0.3871005177155239 purple 1.6772418532872964 -2.427520752088726
306 0.04688328098688466 0.5245670661838874 purple -0.39221973310392505 -0.7663128140791831
307 0.9121579780274885 0.2940145141205802 purple 2.4732901699849292 -3.198887187533754
308 0.09770448163036605 0.061552129957964885 green 3.2757073715376235 4.161607666540531
309 0.642756994084792 0.8773217760661132 purple -0.4425106848994468 4.292611964139237
310 0.17146534077936582 0.7462154230506689 purple -0.2612475338863209 3.997273383486328
311 0.5408396571110102 0.7455380663043027 purple 0.25368235969715713 0.01537834103751079
312 0.43144180157144274 0.2667310158047973 purple 1.174265504361549 -0.26319768681213795
313 0.4956510559090608 0.36193903528912785 black 5.681294573186674 -1.650126620324492
314 0.19028818373489886 0.9404370585439195 green -0.19699620292892628 -1.8370160744676354
315 0.03660241290267263 0.6056984258324255 purple 0.12609205443350405 0.09590901213045888
316 0.9948733717228948 0.7523246544531659 green -0.500765027502043 0.21582843080135827
317 0.5069569107294173 0.4720527617933107 black 1.524156253285918 2.765223053192372
318 0.882067706333527 0.3257257164674453 purple 3.0902223668602713 1.2147940677847489
319 0.9531069446294148 0.8924749544845065 green -0.4729854791487694 5.293221132300555
320 0.2168239023480667 0.7017896458193121 purple 5.809448740708074 4.632792185357646
321 0.8643216892163829 0.6886879927290163 purple -0.7158839341704729 6.292896496262989
322 0.2818890964005212 0.3345677039103724 purple -1.664910767948309 0.6183439580593622
323 0.0022239110768907944 0.6241510007961578 green 0.6919049446871117 3.6694125051216293
324 0.13027774934718983 0.8223796290825126 purple -1.4631614135001387 0.12778988908166244
325 0.7796687656493271 0.4608106188771104 purple 1.4847723250792526 -0.2607331890679039
326 0.7520227832522514 0.9498243728643122 green -0.05832408677864365 0.3077025642203459
327 0.9666410355150814 0.6647856372365278 purple 2.533616241161279 4.545367334994898
328 0.6399039528293348 0.8538896007218569 purple 1.836734393953543 0.1385775683038375
329 0.7158406967668344 0.438068969813459 purple 4.05862623165729 0.10024180348816403
330 0.8850989382760472 0.5106110766286702 purple 1.2626538398246177 -1.7391016125115462
331 0.47177480117701154 0.9532433578231063 purple 5.479543693795721 -0.9173723697381555
332 0.35988983003308306 0.7676314703652167 purple -2.431351674767933 2.928561564074278
333 0.24610009750957806 0.9606526459746647 green 1.6760731582158246 7.357472223761139
334 0.9092013225584257 0.846915134381494 green 1.0682303667462865 2.684362366761545
335 0.3939166452195261 0.7089775343528413 purple -1.4425380743779788 6.388454020853887
336 0.25228531537808796 0.9324387190418651 purple 0.7808553276647777 8.446586716538249
337 0.9140106349604882 0.09107761332274866 green -3.4269680317163953 -0.9487248000606097
338 0.08993125264379165 0.7320204584483497 purple 2.191019700776836 4.702553021277162
339 0.46313825296820965 0.19874153851479504 purple 1.8921518236209987 2.0334367170099945
340 0.37717938582957355 0.1940073319773865 purple -4.663865774558532 -4.618202397574948
341 0.9855600438002291 0.07930499976763072 green 6.404415119552839 5.095879221379652
342 0.09716027779307801 0.07861011400777962 green 0.37303494613580174 -5.6038424896823
343 0.2771212347627944 0.4559436875555497 purple -0.8984763010566971 3.676997284387115
344 0.13819638227057174 0.12891264075915676 green 1.5679616243436039 -7.78050925509042
345 0.12889589228323295 0.26643431551285324 purple 1.3177442144169844 -0.5923654400493363
346 0.9593848195781806 0.8575999048104346 green -0.3502588258546161 7.005270261574689
347 0.22184655507488515 0.0016532809358716927 green 0.44433266807689775 1.8946534076969643
348 0.6445685391036391 0.24931550565959426 purple 1.4606067694228408 0.6415884687378341
349 0.6909798992466912 0.18287271946571548 purple 2.412785316276287 2.009345016942206
350 0.5088800166111237 0.1375619276003609 purple 0.554662068804936 2.039681519016582
351 0.48356682204760615 0.8884116214161865 purple 1.0323835237819825 3.6776127859998264
352 0.1896702172439204 0.4139707791460384 purple -3.9041595715132793 -0.40015849536652714
353 0.4755721345823417 0.43293824714424956 black -0.08377315422517517 -1.9772463548568402
354 0.5091775404555695 0.24312964837716233 purple 1.052783621944668 -0.06586475865990704
355 0.9922813096801663 0.7766891314939337 green 3.3037166255115316 3.556805688069618
356 0.9492731251903135 0.2561053646270415 green 0.022688621100060757 1.2063768374639618
357 0.23241265765720898 0.5166343366236098 purple 0.033088754614387234 6.188340460946189
358 0.28401312945094404 0.2922684466492186 purple -1.2487067913113785 5.76183292464502
359 0.1273271527614508 0.6252783735525826 purple 1.8470528317580002 0.8882472242049178
360 0.5887737098861894 0.4351166267597565 black 1.219719802676049 -2.2311302579965266
361 0.7002022071483014 0.04047826747061234 green 1.5071076419854657 -0.11630122559298361
362 0.008290930570756805 0.2699818586050706 green -1.5049524098508011 1.0268735505241855
363 0.36441030892277315 0.13675452563118207 purple 5.477282796697032 0.10097089548502036
364 0.12214934126912114 0.4690834871500891 purple 0.3298059684720581 5.308762438622192
365 0.34918110318100015 0.8359077592211489 purple -2.233723306015774 6.002027592513578
366 0.2628919742444292 0.6159925184421537 purple -1.7972435713444095 -2.2296809956809795
367 0.08200315872005881 0.5702535562328139 purple 0.3441001408952413 6.772175636860682
368 0.9599734781161428 0.03297281042834488 green -0.689119466677221 -1.119248023815413
369 0.28941779362693787 0.27146898880976633 purple 0.7701288897930474 1.3100909351672438
370 0.6706570574295997 0.9687598019638581 purple 3.4941737735593947 9.910405123848228
371 0.09298737091969567 0.6555906510542601 purple -3.5814146741053143 4.280893530239655
372 0.3713250242028563 0.15660608224021733 purple -1.384689356981098 9.723204122065356
373 0.0861638656590773 0.7074234571644579 purple -1.945011950834819 3.0824175601692225
374 0.42817834829697443 0.8890428660202916 purple -1.7619827167868358 3.283045606069391
375 0.21352367017181573 0.8358415415677668 purple 1.3952936521105799 5.1716115330788845
376 0.14086801783244873 0.5974001983800242 purple 1.7006097500893098 -0.5396496557375983
377 0.4453103744232201 0.6177620863638943 black -0.6873310077642873 6.857681530878433
378 0.3571373396668265 0.3716118424671466 black 1.6361234463812597 -0.2704068284311558
379 0.5677239972867967 0.8222464581249026 purple -0.8990264504033392 5.92733701564165
380 0.744785543065255 0.9172169784773373 purple 4.932324237826052 4.825247275221043
381 0.7276749848788423 0.3131921210275729 purple 1.362475182334824 1.3221373746814804
382 0.16834598695129965 0.3320662865441931 purple 0.35045319059102925 3.632141718242174
383 0.06879121294347512 0.4707148636318478 purple -1.7131529229031073 -3.1693009965479346
384 0.20308144848200027 0.693378442755645 purple -0.2789525953782767 -1.4492116451758519
385 0.18196250214284326 0.5180662119100923 purple 0.06346928072246132 1.6391152986425186
386 0.16331870318829023 0.5746461650337785 purple 3.205781344267126 2.423386832628525
387 0.8033919493359036 0.04935064380030041 green 0.9566532926870993 3.387344450630113
388 0.5286990558564445 0.7796285189735465 purple 1.8995106291959747 -1.4167778138987073
389 0.8466211623447457 0.8742293891357508 green -0.9947985264788595 2.854558176239862
390 0.9960085289717775 0.3933030530578756 green 0.6112059908184017 -2.508983614808065
391 0.23193947787296065 0.3928532360598077 purple -1.47607354419584 -0.6108548970054404
392 0.5799528877815042 0.9874601100924363 purple 0.980144341728382 3.1829262172164516
393 0.6067371267634724 0.023752785893317085 purple 0.15180023060291004 2.140661774644963
394 0.7003712472182246 0.5577037105560728 purple 4.547107766529745 2.915623959306716
395 0.20716386928475972 0.8809111834528154 purple -2.3844485446449113 -0.13233159068363198
396 0.43511598201945967 0.7115633263056951 purple 1.3719455826777796 0.6086363776323567
397 0.6130230453217225 0.7502099378516686 purple -2.292854570775851 3.778324517220607
398 0.005617450468698215 0.7230228898635004 green 2.0669592010933213 10.498133904304405
399 0.5271802928150776 0.24771388746738443 purple 3.034591514022612 -1.1600054735366898
400 0.4317888329954894 0.7068043261339881 purple 0.5478352711109031 -1.7103201422700693
401 0.8083362623174455 0.49183986429357784 purple -2.889800784424767 4.62476105445052
402 0.7853045860240182 0.8011684509375396 purple 0.3778427386765577 0.1065661193830505
403 0.1702808421904124 0.5790001391803995 purple 1.7871256231652604 -1.9302239131337415
404 0.13835126765920724 0.950891218474001 green -0.1976295940638808 3.8031134599200813
405 0.33669889249008667 0.7150333250586406 purple -1.8543655934078684 -0.4566833426389594
406 0.149617443293816 0.2298987860725531 purple -3.7126804484673053 2.338039052301624
407 0.8735180811462527 0.9580640099100138 green 2.8871724668131633 3.16942503097178
408 0.9161201131478889 0.011737588646037689 green 2.1510101559590673 1.388183494732765
409 0.43095957979019417 0.36478957247268196 black -0.9078379325527555 0.5723939823794411
410 0.1381872620078326 0.20531683313338134 purple 1.1137816641848253 3.274478512399287
411 0.14547401582890562 0.8622855389970814 green -0.7589801075763394 1.9867348192800476
412 0.48613410329778584 0.10809797581504821 purple -0.6324883407435825 4.242488876929967
413 0.9620719627655059 0.38881733338000146 purple 0.03582828450662112 6.974554301341449
414 0.1027849787846502 0.6027846979262925 purple -1.216686871511823 0.5208691891613972
415 0.037808984899063036 0.0730755114893945 green 2.6362403057883252 4.448938872887503
416 0.0031809617777429633 0.8790588528110477 green -2.8508185542117292 3.806385385657362
417 0.9573057212811092 0.49465885806234744 purple 0.6089153491007033 0.15595873231638469
418 0.7289042451734087 0.5060200140290728 purple -1.9059999778699646 1.0567561771356302
419 0.8982695111889903 0.09652145742399487 green -1.491380012073496 -0.09051425822814507
420 0.9671404762770118 0.7623168020068923 green -1.6343418086470178 7.944806136894476
421 0.3125694424990987 0.5091955332677117 black 1.2308200480263871 6.080462038589549
422 0.16020761319023746 0.7095169103227692 purple -0.24160917150755934 7.070689758047537
423 0.15530766698559528 0.4652037259661792 purple -2.380605500568581 3.2446255500620764
424 0.03568251577735926 0.3973666626010759 purple 1.4248902618998092 -3.264813900449617
425 0.6737871926823319 0.3301382701140495 purple -1.6372295214158994 4.212914476591288
426 0.8080748552514829 0.5297364063474328 purple 4.385237485023473 1.2854377818840441
427 0.9296777145621634 0.875103235373659 green 0.5368530527292905 2.6639529539314446
428 0.6699938035266331 0.5868133234207741 black -2.6149479225809835 3.599807168209666
429 0.14903344180162736 0.7540091708545608 purple -0.7014953938712284 0.08737056312311298
430 0.9180241898458791 0.36804786782584953 purple 1.0462436172800045 4.94691627688163
431 0.642457789416283 0.7896622105804637 purple 0.06304086031136713 -7.868216448303856
432 0.28053937736863344 0.014982156152383408 green -1.7154838023953216 6.286541157335547
433 0.44019442932634734 0.9753413786402901 purple 2.9457956980521134 2.3961942529168008
434 0.41790590265182714 0.8157175395148198 purple 1.9462088765535888 0.11979209038627037
435 0.893385616254569 0.6628965199591408 purple 1.120376649806236 1.2894746677547786
436 0.9514516703568765 0.33273234845860655 purple 3.186978507091424 7.696836288865773
437 0.28465603364774317 0.22568247429611576 purple 0.5846233650332264 3.730097634808458
438 0.7502735141173233 0.9102805092388307 purple 1.5789761058746001 5.116741460764942
439 0.4476732553080782 0.4531199039600846 black -2.9682191338556594 2.4210308303518464
440 0.3544663452464262 0.6588094956154381 purple -0.8203505103380554 0.34217470449135057
441 0.40012895855537345 0.49073486147484924 black 3.4061590920130587 2.905521198816663
442 0.27037499389975506 0.8888652779064201 purple 0.5102839355656881 -1.4262505619231072
443 0.04696139004669331 0.05252225075963124 green -0.6890322215567378 -6.138176870109806
444 0.19603336123767723 0.785716539969436 purple 1.8362845849019604 2.4502792225412553
445 0.9308072413156622 0.5667845812914746 purple -1.9531558495423962 0.12912610398245694
446 0.777275712957592 0.02462735992417664 green -3.0081716527468063 6.18614631712149
447 0.47268172004338194 0.7008258391611332 purple -1.5293426502681204 5.174808325494878
448 0.8967720996041264 0.7885621354551982 purple 3.465736988011612 7.51685411984879
449 0.5641329572330761 0.23568504768178644 purple 3.354538738057627 3.612273158417427
450 0.7280601012093614 0.03518446657022767 green 1.5436611806523708 -1.1676231675536093
451 0.8040376674011298 0.7914131116177305 purple 2.2687139757281516 7.21888609025981
452 0.41992343311295366 0.1375668092501321 purple 3.041729268249415 -1.3704587601969893
453 0.991149952056925 0.6099765376822404 green -0.30074884927116197 0.4297089932990352
454 0.9061854236278213 0.0577887963280429 green -3.273084304291939 0.9784707324515964
455 0.5663785211836337 0.31212717085819264 black 0.8050839224372134 -0.3633010461526447
456 0.8717540211001941 0.11602141081374973 green 1.5461801699431958 1.4037127926543203
457 0.20938827006134353 0.8914174645410595 purple -0.03526119723879073 4.212919295162008
458 0.11763694506167122 0.32669947414122125 purple -1.878215557341567 1.2739405303874782
459 0.08696669894292586 0.1902141853486703 green -0.21606332893924773 2.130362575232157
460 0.9351417201455512 0.5598380515150867 purple 0.20853869096721966 0.946458641328191
461 0.03297179353149193 0.9829612127236796 green -0.8303050649493953 2.799860472753359
462 0.6668574430738767 0.2861832323633211 purple 2.1424682542747435 7.217409944150489
463 0.9193131862149154 0.32380711630877623 purple -0.014230889596773766 0.8316757862585173
464 0.6423482020162553 0.28892216305610907 purple -1.0549372448640342 2.51218361964343
465 0.12373421596576673 0.13556518304151577 green -1.5900504517313236 4.622272229810974
466 0.8998559333906251 0.5802101909956779 purple 2.191278142637117 0.25460693744846163
467 0.12843017865623418 0.2329757108424929 purple 0.41299788953871736 5.880257013990523
468 0.34917693486267865 0.1226546211347016 purple 0.5897902312012273 2.873474385718448
469 0.48978167227921354 0.5269676726436932 black 1.8145239763724788 4.215705998239809
470 0.8726275322047271 0.053429878919011964 green 0.9701253622678828 -3.591928045465216
471 0.5025633400309399 0.8208498812263204 purple 3.530827046230356 1.900189460868913
472 0.4824216298390186 0.22738000512094902 purple -0.19434066560532726 4.2711651765191085
473 0.5059902585060314 0.22890307040560787 purple -0.7517011233683317 0.08186568315191045
474 0.17627743679416186 0.5522954012341315 purple -0.8907902746965116 -0.3047909729407563
475 0.947222642530221 0.9051161646462663 green 2.6263541698291375 4.046712976773656
476 0.8617728750016367 0.7492556519564322 purple 2.1993236982587785 2.820987079333947
477 0.11464232760137105 0.5049353717070495 purple -3.2823462616644132 -1.6077728591807077
478 0.882912845120676 0.1992211432222003 purple 0.607039515515672 -2.07921894706572
479 0.730531627393205 0.2949316134423583 purple -0.6204081288721561 0.31695327171331833
480 0.6952084849007593 0.5365450671029349 black -0.30333895743255945 -2.252394662046172
481 0.6777871965881758 0.4450066598083384 black 2.0842885050764477 -0.08619023667406966
482 0.8621176719829858 0.5872402533825504 purple 2.161350486002439 -3.264497647501716
483 0.18977656120598596 0.31206835931236765 purple 0.0946191937935672 3.435484166030962
484 0.32336984407818503 0.4281912890884809 black -1.154144179286111 1.639293564459314
485 0.11079325447774546 0.9977610103361718 green 5.980217668269726 4.375602385588831
486 0.7162122988202836 0.5758323329620019 purple 0.7561185752162883 2.1359347902445083
487 0.20104128739561622 0.3639777238754801 purple 0.5837484439586349 -0.1569604308420769
488 0.6196131033759407 0.04822638410740121 purple 1.0348632470035568 4.0874961284022335
489 0.8425632431935316 0.3107805078692035 purple 3.425325595497799 -5.997086610047085
490 0.5717375607734153 0.7613214511030566 purple -0.6289985342438703 1.8739999087257768
491 0.3408793086744907 0.9362529080794321 purple 0.5210450095443815 5.410050939856493
492 0.8904983459989618 0.15956964679747954 green 4.081815190798242 -2.284130152658749
493 0.4815977324632579 0.510408839450717 black -0.6822736018040783 0.9997908352705367
494 0.012945766944843506 0.43428559514625453 purple 1.6711623355781646 0.19688795505224488
495 0.09518842903573044 0.2886234175625856 purple -0.7340704256055195 -2.100475147642263
496 0.2903497149259848 0.48635398860850365 purple -0.681384831891323 -1.3924202101922407
497 0.58266068853024 0.3020684302218136 purple -0.838549906907811 2.7750641891795924
498 0.5395609936761947 0.21716630658535585 purple 5.753210256111437 3.2465754473022717
499 0.3282431433813833 0.7763627927201541 purple 0.7083806192121982 3.1778205037399987
